major minor  #blocks  name

   7        0      65296 loop0
   7        1      65296 loop1
   7        2      89128 loop2
   7        3      91548 loop3
   7        4      50476 loop4
   7        5      51988 loop5
   8        0 3907018584 sda
   8       16 3907018584 sdb
   8       32 3907018584 sdc
 259        0 1953514584 nvme1n1
 259        1  209715200 nvme0n2
 259        2  195312500 nvme0n1
 259        4    1100800 nvme0n1p1
 259        5    2097152 nvme0n1p2
 259        6  192111616 nvme0n1p3
 259        3  273501144 nvme2n1
 252        0  192110592 dm-0
 252        1  209711104 dm-1
 252        2  209694720 dm-2
 252        3      16384 dm-3
 252        4       4096 dm-4
 252        5 3907010560 dm-5
 252        6       4096 dm-6
 252        7 3907010560 dm-7
 252        8       4096 dm-8
 252        9 3907010560 dm-9
 252       10 7814021120 dm-10
 252       11 7814021120 dm-11
